<?xml version="1.0"?>
<opencv_storage>
<some_name type_id="opencv-matrix">
  <rows>2</rows>
  <cols>2700</cols>
  <dt>f</dt>
  <data>
    71. 6.96818237e+001 7.01212158e+001 7.00454559e+001 6.73787918e+001
    6.59848480e+001 6.49242477e+001 6.43636398e+001 6.38787880e+001
    6.27424278e+001 6.52424240e+001 6.86060638e+001 6.83484879e+001
    6.78484879e+001 6.73030319e+001 6.64545441e+001 6.56212158e+001
    6.54242477e+001 6.60606079e+001 6.61363678e+001 7.26666718e+001
    7.19090958e+001 7.23636398e+001 7.16363678e+001 6.77878799e+001
    6.58030319e+001 6.49696960e+001 6.45151520e+001 6.41969681e+001
    6.51666718e+001 6.73787918e+001 6.99545441e+001 6.97727280e+001
    6.68333359e+001 6.37727280e+001 6.22878799e+001 6.34848518e+001
    6.46060638e+001 6.57878799e+001 6.78484879e+001 73. 7.20909119e+001
    7.17121201e+001 7.01666718e+001 6.75000000e+001 6.69545441e+001
    6.70757599e+001 6.80303040e+001 6.92272720e+001 7.23181839e+001
    7.38787918e+001 7.41969757e+001 7.21363678e+001 6.82424240e+001
    6.34242439e+001 6.22424278e+001 6.31515160e+001 6.47272720e+001
    6.70606079e+001 6.94696960e+001 7.26515198e+001 7.28484879e+001
    7.15000000e+001 6.98787918e+001 6.74090958e+001 6.78636398e+001
    6.91969681e+001 7.22424240e+001 7.52272720e+001 7.93484879e+001
    8.18333359e+001 8.04090958e+001 7.75000000e+001 7.25303040e+001
    6.74696960e+001 6.59696960e+001 6.68636398e+001 6.76969681e+001
    6.98787918e+001 7.12121201e+001 7.38939438e+001 7.56212158e+001
    7.31969681e+001 7.07878799e+001 6.72575760e+001 6.86666718e+001
    7.49242477e+001 8.17727280e+001 9.00757599e+001 9.87272720e+001
    1.02681824e+002 9.79545517e+001 9.21969757e+001 8.75757599e+001
    8.61666718e+001 8.82878799e+001 8.72121201e+001 8.34848480e+001
    8.08333359e+001 7.90909119e+001 7.42575760e+001 7.61060638e+001
    7.57424240e+001 7.61212158e+001 7.72727280e+001 8.11515198e+001
    8.98787918e+001 1.02287880e+002 1.16454552e+002 1.27196976e+002 132.
    1.29439392e+002 1.24757576e+002 1.22954552e+002 1.23621216e+002
    1.26545456e+002 1.22590912e+002 1.11106064e+002 1.02015152e+002
    9.54393997e+001 7.31212158e+001 7.68181839e+001 80. 8.62272720e+001
    9.46666718e+001 1.02045456e+002 1.13515152e+002 1.31924240e+002
    1.46530304e+002 1.54545456e+002 1.59257584e+002 1.61045456e+002
    1.62075760e+002 1.64515152e+002 1.67196976e+002 1.64636368e+002
    1.54924240e+002 1.41212128e+002 1.27303032e+002 1.13515152e+002
    7.26818237e+001 8.07878799e+001 8.78030319e+001 9.98181839e+001
    1.11803032e+002 1.22560608e+002 1.39545456e+002 1.61939392e+002
    1.73575760e+002 1.77742432e+002 1.78681824e+002 1.81848495e+002
    1.88545456e+002 1.91696976e+002 1.93318192e+002 1.88530304e+002
    1.74378799e+002 1.59287888e+002 1.43196976e+002 1.26848488e+002
    7.47575760e+001 8.46818237e+001 9.56212158e+001 1.10136368e+002
    1.21772728e+002 1.34863647e+002 1.55651520e+002 1.77575760e+002
    1.88833344e+002 1.91712128e+002 1.97893951e+002 2.00636368e+002
    2.00106064e+002 2.05484848e+002 2.07212128e+002 2.02924255e+002
    1.87106064e+002 1.67530304e+002 1.49757584e+002 1.32136368e+002
    7.84545441e+001 8.90151520e+001 1.02772728e+002 1.18606064e+002
    1.30409088e+002 1.44590912e+002 1.62166672e+002 1.80621216e+002
    1.94848495e+002 2.07757584e+002 213. 2.15742432e+002 2.10348495e+002
    2.05121216e+002 2.04878799e+002 2.02712128e+002 1.90060608e+002
    1.74424240e+002 1.59984848e+002 1.40803040e+002 8.17121201e+001
    9.59848480e+001 1.11863640e+002 1.24469704e+002 1.34893936e+002
    1.48848495e+002 1.68333344e+002 1.84333344e+002 1.94045456e+002
    2.07166672e+002 2.16272736e+002 2.16893951e+002 2.16484848e+002
    2.10772736e+002 2.05045456e+002 2.01363647e+002 1.88590912e+002
    1.75227280e+002 164. 1.45666672e+002 8.48939438e+001 1.02151520e+002
    1.15727280e+002 127. 1.40424240e+002 1.55939392e+002 1.73530304e+002
    1.85833344e+002 1.98378799e+002 2.05151520e+002 2.10136368e+002
    2.11818192e+002 2.09666672e+002 2.07772736e+002 2.06590912e+002
    2.04363647e+002 1.93151520e+002 1.78727280e+002 1.68272736e+002
    1.51075760e+002 8.99393997e+001 1.07303032e+002 1.20590912e+002
    1.30439392e+002 1.44848495e+002 1.59878799e+002 1.74681824e+002
    1.82712128e+002 1.94303040e+002 2.08060608e+002 2.14515152e+002
    2.15469696e+002 2.14833344e+002 2.09303040e+002 2.02621216e+002
    1.98166672e+002 1.87787888e+002 1.73045456e+002 1.66500000e+002
    1.51969696e+002 9.36363678e+001 1.08636368e+002 1.23030304e+002
    1.34863647e+002 1.45469696e+002 1.58651520e+002 1.72378799e+002
    1.80333344e+002 1.89409103e+002 2.01106064e+002 2.15136368e+002
    2.17848495e+002 2.18166672e+002 2.15363647e+002 2.04757584e+002
    1.98484848e+002 1.88484848e+002 1.69742432e+002 1.57287888e+002
    1.46196976e+002 9.82575760e+001 1.10909096e+002 1.20681824e+002
    1.31787888e+002 1.42151520e+002 155. 1.64530304e+002 1.72515152e+002
    1.82575760e+002 1.90818192e+002 2.03045456e+002 2.12075760e+002
    2.18287888e+002 2.13272736e+002 2.02818192e+002 1.95090912e+002
    1.87303040e+002 1.70606064e+002 1.50681824e+002 1.38469696e+002
    9.73333359e+001 1.08803032e+002 1.16227280e+002 1.26757576e+002
    1.36378799e+002 152. 1.61303040e+002 168. 1.77227280e+002
    1.85727280e+002 1.93439392e+002 2.01742432e+002 2.10787888e+002
    2.08257584e+002 2.00106064e+002 1.89136368e+002 1.78545456e+002
    1.69439392e+002 1.46954544e+002 1.30393936e+002 9.05000000e+001
    9.94545517e+001 1.11545456e+002 1.23818184e+002 1.34303040e+002
    1.47696976e+002 1.55409088e+002 1.62242432e+002 1.71439392e+002
    1.84848495e+002 1.90636368e+002 1.95969696e+002 2.01863647e+002
    1.99409103e+002 1.92121216e+002 1.81651520e+002 1.69151520e+002
    1.61924240e+002 1.46045456e+002 1.28303040e+002 8.56666718e+001
    9.49848480e+001 1.08060608e+002 1.23545456e+002 1.38515152e+002
    1.52560608e+002 1.57196976e+002 1.62348495e+002 1.72681824e+002
    1.86257584e+002 1.93833344e+002 1.97030304e+002 2.00454544e+002
    1.97454544e+002 1.87590912e+002 1.75106064e+002 1.59833344e+002
    1.52060608e+002 1.39893936e+002 1.22969704e+002 8.41818237e+001
    9.53484879e+001 1.08969704e+002 1.21196976e+002 1.35590912e+002
    1.50863647e+002 1.57121216e+002 1.62196976e+002 1.74439392e+002
    1.85530304e+002 1.95166672e+002 2.00257584e+002 2.01863647e+002
    1.96378799e+002 1.85045456e+002 1.71636368e+002 1.57712128e+002
    1.47863647e+002 1.33454544e+002 1.18772728e+002 7.98030319e+001
    9.21818237e+001 1.06424248e+002 1.16363640e+002 1.30363647e+002
    1.45621216e+002 1.49696976e+002 1.55575760e+002 1.72893951e+002
    1.83984848e+002 1.96424255e+002 2.07196976e+002 2.06227280e+002
    1.96363647e+002 1.84681824e+002 1.70606064e+002 1.58924240e+002
    1.49742432e+002 1.33121216e+002 1.17348488e+002 7.35151520e+001
    8.43181839e+001 9.86515198e+001 1.08212128e+002 1.24469704e+002
    1.41333344e+002 1.41818192e+002 1.53030304e+002 1.74090912e+002
    1.85196976e+002 1.98106064e+002 2.15166672e+002 2.10803040e+002
    1.98909103e+002 1.87303040e+002 1.74560608e+002 1.63166672e+002
    1.53712128e+002 1.34621216e+002 1.15727280e+002 7.06212158e+001
    7.96818237e+001 9.29848480e+001 1.02954552e+002 1.20196976e+002
    1.40727280e+002 1.40924240e+002 1.56409088e+002 1.79212128e+002
    1.89484848e+002 2.00439407e+002 2.17696976e+002 2.13636368e+002
    2.04606064e+002 1.92772736e+002 1.78121216e+002 1.64212128e+002
    1.54621216e+002 1.35787888e+002 1.15469704e+002 6.97575760e+001
    7.82575760e+001 8.97878799e+001 1.00909096e+002 1.18636368e+002
    1.40848495e+002 1.42575760e+002 1.60333344e+002 1.86651520e+002
    1.94818192e+002 2.03272736e+002 2.20439407e+002 2.18833344e+002
    2.13030304e+002 2.01454544e+002 1.82106064e+002 1.65348495e+002
    1.51469696e+002 1.31181824e+002 1.13984856e+002 6.90454559e+001
    7.64242477e+001 8.73484879e+001 9.91818237e+001 1.16818184e+002
    1.37257584e+002 1.43833344e+002 1.61954544e+002 1.84590912e+002
