<?xml version="1.0"?>
<opencv_storage>
<Referee type_id="opencv-matrix">
  <rows>1</rows>
  <cols>2700</cols>
  <dt>f</dt>
  <data>
    5.57368431e+001 5.54736862e+001 5.56842117e+001 5.58947372e+001
    5.58947372e+001 5.66315804e+001 5.65789490e+001 5.62105255e+001
    5.72105255e+001 5.68947372e+001 5.72631569e+001 5.45789490e+001
    5.21578941e+001 4.46315804e+001 4.39473686e+001 4.73684196e+001
    5.03157883e+001 5.30526314e+001 5.51578941e+001 5.57368431e+001
    5.57894745e+001 5.59473686e+001 56. 5.64736862e+001 5.67368431e+001
    5.68421059e+001 5.66315804e+001 5.65789490e+001 5.74210548e+001 57.
    56. 5.29473686e+001 4.84210548e+001 3.97368431e+001 3.81578941e+001
    4.14736862e+001 4.51052628e+001 51. 5.50526314e+001 5.62105255e+001
    5.57894745e+001 5.63157883e+001 5.64736862e+001 5.70526314e+001
    5.75789490e+001 57. 5.65789490e+001 5.66315804e+001 5.66842117e+001
    5.71578941e+001 5.57894745e+001 5.21052628e+001 4.84210548e+001
    4.14736862e+001 3.79473686e+001 3.96842117e+001 4.38421059e+001
    5.01578941e+001 5.56842117e+001 57. 5.62631569e+001 5.63684196e+001
    5.64210548e+001 5.68947372e+001 5.71052628e+001 5.68421059e+001
    5.67368431e+001 5.71052628e+001 5.70526314e+001 5.65263176e+001
    5.52631569e+001 5.22105255e+001 4.97894745e+001 4.79473686e+001
    4.45263176e+001 4.52105255e+001 4.83157883e+001 5.23684196e+001
    5.69473686e+001 5.62631569e+001 5.65789490e+001 5.72631569e+001
    5.68947372e+001 5.65263176e+001 5.65789490e+001 5.69473686e+001
    5.66842117e+001 5.69473686e+001 5.62631569e+001 57. 5.81052628e+001
    56. 5.30526314e+001 5.32631569e+001 5.05789490e+001 5.15789490e+001
    5.54736862e+001 5.63157883e+001 5.89473686e+001 5.75789490e+001
    5.60526314e+001 5.68947372e+001 5.68421059e+001 5.71052628e+001
    5.63157883e+001 5.64736862e+001 5.66315804e+001 5.65263176e+001 56.
    5.72631569e+001 5.76315804e+001 5.64210548e+001 5.47368431e+001
    5.46842117e+001 5.63684196e+001 5.90526314e+001 6.32631569e+001
    6.13157883e+001 5.90526314e+001 5.60526314e+001 5.55263176e+001
    5.62105255e+001 5.71578941e+001 5.74210548e+001 5.75789490e+001
    5.75789490e+001 5.72105255e+001 5.56842117e+001 5.53684196e+001
    5.59473686e+001 5.45263176e+001 5.41052628e+001 5.43684196e+001
    5.37894745e+001 5.69473686e+001 6.24210548e+001 6.88421021e+001
    6.68421021e+001 6.13157883e+001 59. 5.61052628e+001 5.61578941e+001
    5.74210548e+001 5.77368431e+001 5.77368431e+001 5.83157883e+001
    5.81578941e+001 5.64210548e+001 5.53684196e+001 5.41052628e+001
    5.13684196e+001 5.04736862e+001 5.07894745e+001 4.80526314e+001
    5.01578941e+001 5.91578941e+001 7.17894745e+001 8.02105255e+001
    7.60526352e+001 6.76842117e+001 5.60526314e+001 5.57368431e+001
    5.67894745e+001 5.68421059e+001 5.63684196e+001 5.64736862e+001
    5.61578941e+001 5.44736862e+001 5.28421059e+001 5.00526314e+001
    5.03157883e+001 5.01578941e+001 48. 4.57368431e+001 4.42105255e+001
    5.01578941e+001 6.17368431e+001 83. 8.83684235e+001 8.13157883e+001
    5.54210548e+001 5.53157883e+001 5.61052628e+001 5.62631569e+001
    5.55263176e+001 5.51578941e+001 5.36315804e+001 5.26315804e+001
    5.00526314e+001 4.63157883e+001 4.47894745e+001 4.51578941e+001
    4.51052628e+001 4.77368431e+001 4.23157883e+001 4.07894745e+001
    4.47894745e+001 5.46315804e+001 5.98947372e+001 5.87894745e+001
    5.54736862e+001 5.51578941e+001 5.55263176e+001 56. 5.50526314e+001
    5.34736862e+001 5.22631569e+001 5.31052628e+001 4.91578941e+001
    4.48947372e+001 3.83684196e+001 3.74736862e+001 3.75263176e+001
    4.09473686e+001 4.01052628e+001 40. 4.25263176e+001 4.65789490e+001
    4.83157883e+001 4.94736862e+001 5.54736862e+001 5.54210548e+001
    5.52631569e+001 5.56315804e+001 5.50526314e+001 5.32631569e+001
    5.64736862e+001 6.15789490e+001 5.68421059e+001 4.55789490e+001
    3.46315804e+001 3.34210510e+001 3.50526314e+001 3.79473686e+001
    4.24210548e+001 4.82631569e+001 5.09473686e+001 5.29473686e+001
    5.31578941e+001 4.77894745e+001 5.52105255e+001 5.49473686e+001
    5.46842117e+001 5.55263176e+001 5.54736862e+001 5.31052628e+001
    5.78421059e+001 6.77894745e+001 6.34736862e+001 4.67368431e+001
    3.37894745e+001 3.13157902e+001 3.30526314e+001 3.54210510e+001
    4.27368431e+001 5.60526314e+001 61. 6.26315804e+001 5.81578941e+001
    4.83157883e+001 5.52105255e+001 5.46315804e+001 5.54736862e+001
    5.56842117e+001 5.49473686e+001 5.18421059e+001 5.17368431e+001
    6.12105255e+001 5.84736862e+001 4.52631569e+001 31. 2.81052628e+001
    3.11578941e+001 3.27368431e+001 3.84210510e+001 5.43684196e+001
    6.17368431e+001 5.73684196e+001 5.54736862e+001 5.25789490e+001
    5.50526314e+001 5.46842117e+001 5.53684196e+001 5.54210548e+001
    5.42105255e+001 5.06842117e+001 4.69473686e+001 4.95789490e+001
    4.72105255e+001 42. 3.06842098e+001 2.79473686e+001 2.92631588e+001
    2.94736843e+001 3.37368431e+001 4.75789490e+001 5.54736862e+001
    4.94736862e+001 5.10526314e+001 5.84736862e+001 5.56842117e+001
    5.53684196e+001 5.57894745e+001 5.55789490e+001 5.43684196e+001
    5.06842117e+001 4.81052628e+001 44. 4.20526314e+001 4.05263176e+001
    3.22105255e+001 2.92631588e+001 2.75789471e+001 2.94210529e+001
    3.25789490e+001 3.97368431e+001 4.66315804e+001 43. 4.42105255e+001
    5.55789490e+001 5.57894745e+001 5.55789490e+001 5.59473686e+001
    5.58947372e+001 5.48947372e+001 5.06842117e+001 4.92631569e+001
    4.38947372e+001 4.17368431e+001 39. 3.26315804e+001 3.01578941e+001
    2.69473686e+001 2.88947372e+001 3.11578941e+001 3.31578941e+001
    3.81578941e+001 3.66842117e+001 3.69473686e+001 4.98947372e+001
    5.54210548e+001 5.57368431e+001 5.52105255e+001 5.47894745e+001
    5.33157883e+001 5.03684196e+001 5.05789490e+001 4.85263176e+001
    4.47894745e+001 3.88947372e+001 34. 3.13684216e+001 2.84736843e+001
    2.96842098e+001 2.95263157e+001 3.06842098e+001 3.27894745e+001
    3.43684196e+001 3.48421059e+001 4.62105255e+001 5.55263176e+001
    5.55263176e+001 5.52631569e+001 5.55263176e+001 5.37368431e+001
    5.08947372e+001 5.17368431e+001 5.22631569e+001 4.66842117e+001
    4.23157883e+001 3.98947372e+001 3.96842117e+001 3.52105255e+001
    3.21052628e+001 2.88947372e+001 2.87368431e+001 3.05263157e+001
    3.32631569e+001 3.52105255e+001 4.42631569e+001 5.55263176e+001
    5.54210548e+001 5.52631569e+001 5.56315804e+001 5.51052628e+001
    5.18421059e+001 5.33684196e+001 5.39473686e+001 4.96842117e+001
    4.53157883e+001 4.85263176e+001 51. 46. 3.69473686e+001
    3.18421059e+001 3.09473686e+001 3.24736862e+001 3.36842117e+001
    3.59473686e+001 4.54736862e+001 5.54210548e+001 5.56842117e+001
    5.53157883e+001 5.56315804e+001 5.61052628e+001 5.40526314e+001
    5.48421059e+001 5.45789490e+001 5.15263176e+001 4.87894745e+001
    5.41052628e+001 5.33157883e+001 4.68421059e+001 3.68947372e+001
    3.27368431e+001 3.13684216e+001 3.20526314e+001 3.29473686e+001
    3.75789490e+001 4.73684196e+001 56. 5.61052628e+001 5.56315804e+001
    5.63684196e+001 5.81052628e+001 5.80526314e+001 5.75789490e+001
    5.53157883e+001 5.41052628e+001 4.95789490e+001 5.30526314e+001
    4.94210548e+001 4.14210548e+001 3.65789490e+001 3.26842117e+001
    3.25263176e+001 3.37894745e+001 3.50526314e+001 4.17368431e+001
    4.98421059e+001 5.62105255e+001 5.59473686e+001 57. 5.86842117e+001
    6.24210548e+001 5.96315804e+001 5.88947372e+001 5.59473686e+001
    5.48947372e+001 5.02631569e+001 4.98421059e+001 4.63157883e+001
    3.66315804e+001 3.35263176e+001 3.15263157e+001 3.22105255e+001
    3.38421059e+001 3.53157883e+001 4.38947372e+001 5.15263176e+001
    5.57368431e+001 5.65789490e+001 5.73157883e+001 6.03684196e+001
    6.46842117e+001 6.33684196e+001 6.07368431e+001 5.41052628e+001
    5.23684196e+001 5.00526314e+001 4.65263176e+001 4.18421059e+001
    3.37894745e+001 2.88421059e+001 3.05789471e+001 3.27894745e+001
    3.34736862e+001 3.59473686e+001 4.71578941e+001 5.55263176e+001
